428651
41166
301823
516841
988000
490445
341139
490977
231744
504813
368534
566341
101727
23521
678367
611478
927714
721027
57747
653936
647444
696464
301604
735332
103347
176932
455067
458387
760857
212784
145882
250185
994738
580747
771889
786031
389331
867132
306291
782456
777538
595649
549575
188230
775022
861583
662923
863033
924170
86437
18456
754581
966464
996930
190105
509256
312207
477189
590245
95689
459599
667830
972577
487956
798356
762157
135988
563730
125446
581058
647693
535538
653137
429350
47137
778959
38634
461773
181402
828064
151931
78036
85931
51265
760117
784215
807132
469273
34836
36104
229821
348307
105177
225685
880024
828463
48783
272524
92079
741299
394169
110480
341008
478029
821797
687268
735740
216122
910611
993539
885616
68935
136223
352061
31690
321614
143322
740925
486134
904243
575070
940841
10944
214737
745346
794460
590870
167910
758454
399459
998408
917136
458962
627621
846992
539452
315512
715889
580980
785943
377820
986447
698725
399145
756404
863033
733693
590267
695296
922177
690449
212629
983505
225813
178611
438215
251142
600485
783988
833298
439171
825802
976439
215862
491751
353133
505555
650084
448269
746176
157719
506765
776864
61807
329882
487338
147831
634543
906608
851637
238648
155179
29410
98944
58557
663501
374455
89699
855568
638220
517106
45105
307732
323511
81958
493213
510263
707874
631012
804279
617096
960487
989031
431825
455988
21375
368408
94085
710664
127110
187820
181074
944353
74254
29499
831110
132881
484674
198532
236322
370114
776323
613703
426420
5293
239505
945705
612979
808624
576215
893515
248887
434728
860880
187978
665780
63403
725231
462282
950305
766026
730866
917706
312694
589292
191597
123623
203183
785178
573197
961460
579498
623466
803780
38254
58659
165121
410659
425987
85863
815297
235060
637007
481053
144671
157342
60984
917588
142058
230920
884633
167960
100442
125605
16220
114678
210718
393373
55622
127188
176596
562643
574794
862924
619295
679544
959177
169733
958212
830500
74693
889381
462129
671142
814689
994789
577354
713825
617719
31810
622896
258644
253221
82721
600702
280772
244688
610075
228051
663877
314705
818231
567314
661816
214858
74058
207349
424894
606208
897262
890620
237590
307377
612924
98238
585312
649672
890639
634216
275839
219755
639060
534283
550340
187857
571840
398989
182335
912473
178488
998168
664252
848661
620001
87865
869667
227481
840600
181218
521973
921791
901868
770408
676971
573981
378692
136531
607271
448231
964562
211806
382548
209549
516199
979933
760000
750124
34218
722567
562479
792789
919300
862212
762211
526116
219264
359986
708715
56289
73502
202748
870414
666147
581374
667196
946738
401564
103509
758157
905941
423455
850395
227301
528463
90261
801859
250123
675212
205888
294365
923433
569079
600389
527147
783702
608099
480742
833833
816626
5913
142876
690439
765538
533158
624389
796621
599685
922743
939960
696862
130543
58034
205862
866678
518667
507789
67284
874717
503574
449757
947
210826
99817
112031
671628
391081
557050
453491
141821
981441
294979
759011
546203
37155
761652
13630
556353
510304
144758
926106
952720
288605
967118
867873
32343
556261
61259
191378
951937
669955
118851
705374
915487
466154
166393
873890
949705
206628
566434
418527
198432
569777
279643
97056
449210
447668
165019
763502
116396
341813
274459
73996
331280
146632
877042
480046
165179
772308
234009
719260
172927
576824
588570
333053
194891
399764
431170
170065
49578
642274
677041
497738
577901
116773
743261
23924
955335
371776
436864
874863
758804
451905
338314
969929
198171
429448
356175
626478
772714
406466
795838
78149
215685
686657
862768
233603
451556
293949
511686
825247
696597
992440
695245
58629
802494
129185
623913
601700
348323
957671
302501
150297
923368
512597
492597
451353
354777
514008
896000
710520
188217
870343
486635
464214
145701
266768
992168
697548
239085
999302
976465
592297
699991
844833
868773
280615
803603
160259
48809
311135
563559
32203
103940
242539
91704
681148
783986
580507
829500
738724
182211
801016
941398
270821
644410
338359
798462
108382
852066
730008
805503
488657
646156
695189
992414
946626
786313
674666
251653
266570
431512
369887
888211
270109
714355
547106
321952
567254
854735
46730
214725
716683
279814
459771
347578
754569
990518
520262
593909
490632
997099
164812
817787
459082
936337
385961
901079
232231
478624
100692
878232
60828
145260
447458
98189
166144
52576
751314
358972
419826
188375
409749
599559
493693
902280
198753
346058
533502
597857
73964
983385
974641
629328
351216
836558
209764
530923
216879
550770
819361
101515
417048
158691
976130
403512
310921
894467
330164
431689
964930
797592
980316
691295
541339
505423
597848
266543
922225
392581
621380
827221
807390
763369
571574
715638
814408
915477
695550
265455
568815
39897
104226
298333
321914
860100
275208
248454
189720
125135
57765
463353
744906
663228
150744
601942
837675
141956
44391
863361
279528
804450
539948
575477
156648
287266
439250
116136
351567
62022
155732
819249
884307
996960
405258
686132
191041
403449
426351
514127
628462
145289
318033
647086
635878
937540
126014
974829
278519
798273
5015
424950
382843
728245
969635
486480
577546
654656
278676
956012
872772
619134
95598
48305
78410
432252
940032
229209
857556
721203
908081
898517
999508
138379
9939
355043
668622
627946
829623
673022
327642
72295
502808
729067
758465
758883
127131
959294
522133
51059
839552
173761
365523
52299
424878
82692
874682
36836
956352
116651
964513
666788
981706
222281
286190
805921
913880
258732
443275
486507
541097
915480
265137
253635
897693
158044
292198
288859
472381
517657
905386
140545
432292
9714
663798
726995
401714
282394
643693
831747
518415
660081
464681
493610
797452
157728
88032
492562
555130
417316
167979
412319
185607
673132
902418
451156
844366
10414
897567
75737
606680
163018
47756
487782
885891
992957
476027
479339
121170
765788
119303
419372
78379
223196
987805
342871
219208
75564
800838
806068
388723
3451
762173
4667
761769
528107
911981
627669
55576
663215
869633
654123
876999
751910
839117
213424
438266
240639
316433
246151
288140
117043
678905
775786
154217
522888
341267
567277
443743
254890
902623
174947
959972
750219
354697
453004
64108
550016
629092
777940
521021
456211
271374
405064
526089
826145
940220
443162
341596
685056
845658
966739
798049
998676
82733
199570
521973
626517
465019
172345
97738
781059
19092
66854
49383
184056
475512
43521
181405
663220
876301
398974
111416
910010
992582
958893
316686
394664
687023
34125
174143
36721
550570
820162
910816
693139
309425
725245
28193
107533
692427
708322
7380
426992
868510
558870
597991
785786
64300
382852
383283
407535
280366
896960
345369
60358
66441
336558
459174
412779
709833
439326
878639
671475
167291
39923
782127
233386
987461
623806
493010
698863
745990
316330
609475
10832
333614
190001
514268
132718
834115
780407
269105
501017
95106
754309
120081
846759
967105
359204
446573
839809
797904
778227
910815
527462
687659
793046
338197
537252
350698
763638
450255
517605
312337
284282
770724
335396
894996
318495
938123
536017
699789
985496
832728
149410
882465
177983
837403
76014
636835
883898
657336
488819
907129
956118
232826
818094
810767
281110
264869
704007
99205
227871
616357
314298
233140
829270
479387
271765
900946
608155
920669
423962
424377
3899
720759
238086
397915
973833
254770
437326
31181
574324
63415
280829
984162
449096
688155
139937
446985
688501
605824
442601
997195
810643
723342
722029
476856
159683
943458
789439
169140
378564
744303
764252
267015
701278
88380
888271
472687
777743
491473
996671
680419
901197
604524
928392
105809
942483
271479
428993
674400
760332
68303
349501
153464
946641
216394
430690
34349
122465
977404
973025
405076
860538
540922
992387
749649
875671
655247
764460
135374
51575
801158
562643
177147
486468
922517
62576
420792
544230
681547
18855
886879
854718
275689
473012
63835
50745
508809
149537
222827
222914
776978
238852
199920
524108
602924
488063
543774
738493
314814
645395
207621
921557
243011
827351
749148
168367
799621
885178
798453
916833
584997
818610
274162
222097
297617
666565
294228
625800
862262
284143
905460
247890
119750
727979
133686
514108
909452
781624
347124
68697
106705
51553
460040
581720
286370
430000
117586
190624
270948
659083
776105
248755
237400
261566
254744
684519
265640
598967
4558
76140
920575
995496
106912
192731
952174
171119
84182
294183
152772
914244
894753
627544
866
880610
525365
32476
738514
112833
30160
645245
174826
647069
354771
402245
499453
941207
279615
726113
402648
428833
388064
999275
155742
361929
144694
956019
692696
479026
973089
331273
742681
506216
193850
238408
465349
779347
200843
700881
930938
539485
890172
856305
176305
650836
842373
18053
842184
884459
928885
855037
338523
31052
434099
91167
98015
812625
676156
825239
49411
363761
846228
147735
74670
853720
397790
456557
416528
939331
753690
94994
982007
320878
804167
954180
301351
782887
875894
381695
914648
254110
481092
89169
703718
518247
334052
451153
283941
39085
718735
591434
629830
18465
892100
754819
416935
829797
221113
748982
23038
16242
382252
128255
612346
346561
43454
343257
530773
873268
722458
781379
210556
786676
19662
409227
827988
703897
613715
919882
499606
54577
495454
278779
60891
139074
320429
480322
908563
46137
286093
869745
362310
132579
360171
269238
981121
202231
765422
443838
368047
889484
631288
316081
212805
389235
305251
276941
375821
711967
520835
81009
39535
95286
466633
104995
267664
582435
617363
792715
795125
76682
625903
452858
657557
981300
742694
611608
10344
658296
497156
254231
155740
888621
196512
874450
272689
137137
934037
806123
406590
817773
360907
901449
651134
273943
347939
234287
376024
278875
351493
60024
152890
348587
304761
663938
227002
401765
613565
252874
506131
59283
753353
34426
743593
654002
68149
147654
228473
609171
903078
166128
515849
18202
459147
664560
677411
55014
650780
828142
891460
658350
513222
143719
383321
80658
582193
534540
279639
88114
616644
672636
273121
868003
393397
934001
934269
526846
544311
679613
655005
307287
417053
906862
289417
728052
571321
765859
213055
748669
168626
439423
504520
554079
533094
819429
858769
970331
67925
208742
553886
425142
486015
765978
60071
3116
719738
287499
884257
202317
798772
442943
896978
109174
854331
410744
429892
838966
688292
19238
152262
105417
149856
359491
159426
920781
197536
782738
929020
819474
609105
86602
26679
843930
110523
529875
142347
138364
914704
65359
181081
844652
111947
963820
693166
932250
656576
521314
697595
936185
490869
623403
138193
943770
156256
559440
353037
480100
890641
343045
308664
422253
174442
79897
430817
78296
969501
436280
162265
177013
564739
276651
995663
836894
609461
83781
715160
400694
949260
866429
247298
13538
203624
114740
25237
516967
853524
988734
550790
205645
751966
597310
122598
43623
83609
534114
892870
837342
69318
696188
636464
64711
280990
218765
10080
121303
979075
979657
882704
421558
641752
422619
609589
504899
382538
738656
786307
220591
237232
982448
626622
925040
865435
942087
515852
638773
133617
690632
162887
87106
468570
995794
767243
636236
864834
896289
831360
976850
423990
622326
430961
288289
828364
734832
259970
334910
738885
241654
316645
639048
686610
470097
35387
869326
52567
920447
880018
163487
991933
656552
333148
18175
898196
134646
566768
571425
447107
490465
406481
829654
855645
296178
715352
441739
526677
197396
683914
681947
879305
532866
270616
95123
452170
780938
964717
218216
94467
230083
519308
893341
86366
788732
979255
997566
171254
391483
912195
196848
108193
143231
524700
185632
896261
785434
858200
617682
151911
636466
936363
492824
816811
947292
911248
399446
672469
543094
19226
42242
274407
730209
993261
617768
695391
684565
698223
721109
505529
724977
410540
882670
135577
595493
637291
851038
691901
996909
299672
385008
380337
55089
61150
636978
369817
930381
698349
818584
244619
115390
473061
778891
596270
794711
263985
20421
621640
577195
348550
100700
11585
855346
379063
5788
953533
262436
294259
19589
122803
701785
241094
797059
287284
44463
370582
542720
488929
181362
508637
695530
577125
397293
785671
768466
380546
148118
244083
3890
764022
677526
154192
881393
52071
939565
703762
852446
178070
930477
725411
815432
880417
162127
944781
741286
31658
970894
518330
729092
898082
295899
555656
910250
386616
403309
565075
486165
164109
956950
479541
425528
674565
243376
923776
295072
651447
691989
929276
895113
306045
222869
611549
971440
42807
367126
390841
15638
926080
927995
838414
279682
837599
773297
117243
855269
373761
638718
657486
228296
627944
364614
576589
668951
628296
637429
347300
28658
878181
859312
401205
266071
756362
10346
146326
585589
826276
261439
565468
522148
721246
790158
38209
553147
91282
98765
254898
137882
768836
603409
501847
985131
344949
686644
731701
853050
940407
815310
647313
578885
179970
591872
691942
831358
160705
682230
67157
762859
617039
521387
43599
942716
386366
448808
769049
301162
246731
962745
349037
115381
3457
344990
594692
976037
552649
549240
213853
878759
460883
908250
719811
877506
213133
167734
894770
471409
932475
226570
66023
521288
898766
177911
519166
844460
970456
887559
838887
195327
145792
378206
270042
198468
687121
546611
204714
103510
929171
59957
420735
209934
423767
394159
535614
707914
766693
566928
193995
224938
109440
997136
490570
601141
871540
656482
696376
622475
250532
782232
425967
624389
515538
901070
756930
663391
121213
917917
252562
571059
916133
628984
633170
903458
551516
558635
12391
741130
585988
746545
107787
126281
471358
362440
356678
184826
837298
333079
224416
161789
109528
956256
317406
280465
168294
834514
361606
144307
314251
497710
692860
281318
492213
864216
229386
528928
809308
948259
263020
183884
919356
567168
110432
276393
731429
55027
543586
233662
71307
440315
681708
101380
527640
605341
700247
21362
695739
212816
737726
443529
485381
513488
768272
370868
343217
503243
213318
535372
924481
63105
431859
50157
825344
747082
402115
305477
401158
950993
8768
136010
923816
137877
810812
808106
621285
421452
489928
372885
323442
338753
867752
284307
565645
257826
566839
8577
674691
297558
220057
657972
856245
602899
16065
672713
933090
238582
327736
32354
518322
54957
536496
890899
27345
163713
436487
728981
484352
414596
344919
741073
533285
197550
826280
573217
623186
419243
605342
741145
859938
837155
377917
967192
613194
605087
311635
187390
601578
808962
130166
515860
612022
241144
433781
136491
139467
17747
173551
790137
268698
384305
533394
958304
788620
765695
497651
29960
999162
769260
74228
575103
709782
606632
547199
263835
838209
401386
730073
226203
247171
206787
55207
226382
489462
826777
972036
915489
962858
348393
847226
403580
471656
508790
611475
132353
393207
261651
631842
264729
575895
394692
188476
992905
144449
754630
869463
237009
816354
950380
367220
476362
368950
146084
870088
683370
181415
956445
248706
24281
991999
953516
385744
813362
817540
627087
28209
574164
762767
795696
104698
815576
44018
104151
584754
37276
411948
813651
777067
870530
131127
259300
797171
791276
669043
172921
17154
411611
86498
272119
399051
567882
628656
783354
154002
293004
360723
288234
107872
28738
889040
331036
340435
143390
405394
900515
661871
205020
358928
75546
931377
675982
321487
289031
179829
527088
181031
324013
895218
778488
396269
791843
381731
556999
375487
820249
743108
372859
693735
722095
654021
760837
753264
746694
601032
634714
14618
354584
329945
308455
65094
839149
104160
611744
369260
417528
866024
403231
849064
362894
550876
121871
927753
860183
443905
671067
366469
7850
555744
509094
111797
744623
593176
659716
569057
86682
445496
294953
66182
608700
746956
899756
449030
516594
843750
305780
484721
806139
821018
492918
453115
987186
467876
492416
820732
862495
326771
131473
271484
565494
340329
481053
333154
77826
507599
742285
841185
865917
935930
668444
275805
979838
376393
8509
201211
294896
871519
511881
400348
205236
180743
787800
682353
304641
614260
984408
718038
554219
261473
310322
974191
479382
7224
945802
234033
581534
68614
652090
475049
443342
134345
811193
926789
288066
674887
327335
166450
201377
494135
220135
476411
558541
532483
182094
2386
734338
281244
593499
818915
669582
131980
369310
181971
367616
957870
521459
243314
779455
267320
424080
225512
263560
172659
564947
6217
189427
527361
246332
693851
84158
89624
455569
36425
36475
208252
789821
34060
316952
607372
694325
286289
518508
440940
78118
152658
588503
955672
341563
148380
749090
588697
106254
826627
280065
782834
270511
129878
263316
122396
303682
972704
240347
524337
868834
58155
447891
736395
65816
956315
351744
882818
909812
473721
926294
354472
702312
679498
305076
252594
601041
714442
998044
500185
663476
627743
610074
564821
866140
790378
732825
995256
184954
705418
712449
655554
835792
63978
358809
988619
997149
90673
943781
355629
534139
66551
196340
215302
449724
304762
753474
388511
113179
468481
666542
569069
755133
421142
789143
47614
372332
530725
288421
991897
675063
396490
554088
335888
33597
298925
734816
983245
229023
878608
804158
532719
193668
255033
885648
746533
907570
17260
131038
802906
553473
224200
654225
985091
231143
149287
123347
124967
254106
964769
358397
350935
97164
398580
628836
376304
223062
773505
484741
556010
941644
343170
901659
491088
731780
512321
176767
192530
853276
25847
511894
727559
434345
730256
409351
950709
222497
758971
157059
843370
408370
282305
972449
437016
438225
106363
869191
902921
412387
145153
10896
505996
71056
564118
503921
523123
407394
28666
264101
627460
371379
80133
314032
741515
787669
173340
111818
277209
712904
455088
409331
341382
509862
753293
737222
474145
584823
39126
852759
476197
951780
779473
520701
713442
980506
391579
196544
273837
844997
502533
104299
265944
449170
495539
419469
865999
288713
111892
775845
331743
958605
550152
618261
117116
138069
292410
680062
334979
297983
911214
606899
248220
679114
801986
728316
486775
528569
346716
542478
721707
334340
11056
998002
424064
703480
309782
328192
448026
683517
657491
489723
920137
15451
796149
787599
654860
362421
978566
749868
974727
459325
116398
836184
978804
295638
764243
217939
370853
33303
774517
821097
360682
432031
713395
84568
636985
919690
378143
925637
165766
78557
296039
15379
795956
464476
355442
311674
162043
371769
251517
804706
81697
933371
616449
721608
613940
567323
713315
457429
671655
849085
794344
683751
31798
189479
945395
622988
601369
52334
304734
789218
494245
396401
803263
333164
433217
823599
756347
770857
207357
933132
48214
427945
547415
197865
620037
605548
657835
454212
892328
608121
561949
644965
152862
118056
233132
436169
47462
43662
214359
245794
254713
106899
911402
668416
436798
737641
824584
10035
299
226769
208239
460090
744384
248990
239532
710441
121860
862992
672077
189780
6769
40962
197385
27558
316779
216267
858431
208177
862388
590665
836031
239598
346293
831070
720215
976049
687445
936946
732985
669032
849901
222117
428798
852528
327482
238708
243794
997658
336686
395253
284419
374003
794038
720387
409848
402467
146746
294198
248241
464206
624844
389081
39623
405283
462958
838011
709396
740324
322836
87601
914584
483540
49640
424736
169169
738409
685123
280823
324064
710588
640163
469152
425410
345110
896743
581712
69792
409357
234810
40724
781434
126459
386833
757516
291594
509924
86907
113886
895169
248830
599897
643766
169798
225459
25019
611216
567363
64930
460472
682926
410787
526576
320261
429758
894409
653768
567079
687896
792061
362079
967339
210835
622507
188481
183729
87587
700830
592673
382237
82757
97527
650546
80229
674776
961397
242318
990116
5775
389909
761204
421461
911880
914885
979185
198500
665003
392677
791362
124692
469821
727822
825671
713480
151295
795834
909890
511617
877088
541044
750647
463793
869413
580989
825119
948469
213404
378994
32346
633155
715743
53007
567609
737163
292399
172839
625937
653206
450529
167075
191567
105654
938286
304506
765828
232827
740926
914157
914429
125351
132911
390404
707008
489197
813593
969337
508418
812696
635528
233251
324117
31998
993204
223268
640590
455064
680164
604724
251390
888324
307709
517305
470148
200642
334092
884646
808670
561615
753009
759764
835183
604594
611955
686516
328051
630851
786119
288961
636485
657890
949085
414018
803785
850247
441985
399339
155891
113718
734099
454046
226505
663245
215378
66311
660482
310122
769484
440581
376089
484314
354759
438879
436557
295272
671778
899488
946025
850280
520788
882156
261265
906851
837903
468627
359145
394524
740977
308346
180941
272381
17456
386500
462483
514380
534821
726668
748853
997317
482551
804717
205983
464273
738632
600026
25999
79141
877367
424464
199020
742818
987164
794426
131822
598585
567509
519288
849714
549279
717966
670383
198245
682558
385946
433843
962960
338251
746645
196590
707327
430821
522823
500794
591241
618619
1346
856693
990846
813928
575094
274067
652975
213357
562475
729325
770401
503392
882603
181473
162420
495678
46412
632718
744585
910365
461117
145777
952073
350009
122232
407804
91772
914468
298664
202050
607124
531468
623739
379556
676210
740149
796284
239849
213135
633287
952189
923790
353845
803322
729183
291589
165324
66591
757738
288019
545801
915030
573252
139541
365358
87858
54904
107446
948289
980474
554430
344307
628794
426862
663171
681825
355539
376757
276550
133172
251703
322860
33648
559510
715038
212715
554546
850958
263624
659168
858814
881804
752903
993309
274150
289423
631187
532544
190678
816802
614251
631105
393238
968263
610544
886018
112083
849231
15994
379371
652271
463107
729388
798107
481582
764328
154329
725077
572804
712546
579106
154461
522252
203510
422906
150374
802071
27477
738099
387385
475824
19424
772989
638451
220410
532632
660502
886944
857063
212786
184426
850462
518744
429303
950180
759570
988102
359521
37588
190242
103950
219585
533426
486048
49662
626464
627552
298461
532971
55576
29589
906048
844955
302360
687530
912504
634754
61622
65299
377544
287684
747155
993909
171673
903250
566357
516568
530981
185662
593825
62321
609250
498170
962968
83913
133374
678695
693530
559954
970570
403436
680918
38255
577154
226289
716401
397257
547561
153001
455359
620173
69632
430712
617849
777690
680966
286541
339064
874173
290903
748862
608668
580170
146508
4266
129384
543930
124801
120310
743302
270383
110839
185411
155219
995639
559984
341135
114033
16034
467567
767914
359836
200559
382410
478200
740738
19458
916632
823065
697788
752044
578664
866111
504947
556252
951925
233609
262711
594875
387290
268763
75890
132424
60835
618311
406950
467438
688728
951142
988361
183597
195967
440632
271229
415729
497117
944783
520385
342384
459723
610781
635347
232847
387053
765424
355615
131489
420639
532800
341274
496966
480171
845731
649805
684600
835183
109768
542587
335956
26493
220880
802653
615785
977944
239095
494010
994721
442140
787652
236199
73710
156132
890233
307821
362311
242958
575558
104106
16065
588223
817293
25577
178101
620773
16680
330646
722494
130266
198740
511203
723571
435626
741191
617054
811431
8922
436269
23589
928973
339648
967623
34114
650899
523059
104054
939652
33872
324371
377081
422141
526949
151749
859960
754752
270061
700768
351992
244457
506286
214163
658353
891011
544243
848509
841068
162523
529168
182642
179853
495012
279374
21816
836078
274514
669544
220799
323803
450497
581980
406867
769205
845415
903366
286728
218446
757193
869886
5709
8625
383332
292807
449317
76502
590484
855203
86541
299429
51617
359599
162267
397757
116883
289649
84245
150913
284567
833675
946107
174115
36425
597913
346005
435122
450421
783307
675268
305706
87470
220752
506929
997246
843438
431476
623572
709422
837681
557595
721652
760643
862358
64369
248751
898906
14628
684698
54263
196600
344747
241591
891060
223795
852200
684885
179005
826502
750674
125276
640038
175189
217061
438630
661813
87792
214734
189758
652772
896586
602704
855476
311216
17761
233733
849503
30447
160254
248786
970417
169353
356299
923498
352168
827821
276714
542205
381366
481522
588319
513690
939715
544305
749245
860589
433254
955185
163883
5961
540070
884734
247645
666071
858520
552749
453352
96292
252423
935370
385774
878021
532026
40970
284
872927
466838
130399
487770
538544
145206
530414
858742
565532
114896
967412
61989
350828
676804
787037
253454
887088
467884
122686
117607
661216
773984
857457
809659
909409
173235
599330
175584
778568
911821
392362
293752
489087
253942
490386
565784
561055
579319
794147
758798
612377
417844
804934
254593
960721
486892
92975
539073
342285
170709
604172
922310
164068
765563
704075
141236
216680
33299
115513
41046
527305
486148
153445
828026
87385
349085
312969
766055
30461
32776
275970
118295
447910
89752
631031
684133
797694
400222
994108
609147
225099
783625
837455
989221
187806
962656
378513
889151
989555
569482
501246
535874
322694
40867
796285
837270
967928
821188
26504
343024
160275
489861
378134
839560
159366
511631
207157
619998
321191
829437
467690
453158
425803
802001
871776
330314
993583
654233
79398
405109
769436
907974
571386
104023
523971
100597
144536
932993
804
169215
419141
432003
122203
464485
609794
495878
791768
498877
378193
712091
397067
844422
301798
162582
338174
982936
138612
57863
675624
739449
302417
122201
436754
535721
446892
464385
101127
913624
573355
841190
915815
201564
359891
841358
534349
471608
559419
986156
975782
899970
219089
605005
835472
496050
835239
760320
127058
686454
316862
507006
973845
131998
684963
37106
984839
783516
991934
556793
13520
46551
182019
697198
113309
559845
464179
740710
524197
444904
951170
670537
960508
842213
2961
956099
434813
782549
979721
233616
364777
665671
47510
965613
9328
474875
721073
873072
158755
531991
183964
131718
968291
33813
290407
692042
974508
690688
77383
757337
421601
118196
31142
173901
726385
138393
104788
27733
111265
807835
329876
869529
955821
206308
766483
202317
885809
111822
274321
265421
809802
394157
231096
115118
795820
599069
703317
439793
501104
128997
488492
760600
45681
63768
45552
655838
461054
607788
645603
463961
21726
125587
626105
603624
633089
592890
699274
311915
859464
741168
937650
878800
725870
325982
335363
773737
394519
939357
257795
978245
986909
608107
364711
803142
444484
591076
102543
483511
566876
572349
907517
456422
132948
480592
585177
36073
950233
473146
939631
377672
342004
492514
76702
533558
120677
469079
679322
33886
455072
152219
789555
753679
295413
927262
60559
756910
478956
485917
235279
188540
555824
208203
50266
557777
469520
668148
622411
42901
786252
94950
324399
766623
626330
136128
813878
722285
902245
739405
986641
449948
53878
798296
986677
488287
471734
961540
222787
444732
300983
79557
946856
48267
333886
830467
259057
66090
651581
583995
967504
693658
601193
271289
27338
275150
44034
445771
402221
579656
147555
140328
663405
780686
904962
609481
551419
595098
487519
423345
371044
970611
111732
301820
122101
888141
797371
976868
62094
353634
367391
581660
325931
135044
490342
970285
327988
865278
482768
841722
811799
591136
889275
853882
476487
752525
417784
786521
40545
225511
664726
775630
555962
453031
170522
228451
108035
170592
848971
479036
986692
46717
441706
377443
327011
411121
577793
805178
318568
725936
322797
528180
978008
337386
32535
9161
398282
593827
338883
798660
397499
829192
592283
491611
738683
326600
998730
144138
733178
854134
24895
134438
556695
816415
231547
868124
58098
446037
768910
105481
942530
290606
234028
139846
819832
350873
987943
780566
371931
877263
45217
309745
209970
13260
390980
58306
190586
900490
204806
571077
853375
954313
197315
732417
857254
166315
422137
269720
135294
324886
614977
599957
455011
278544
854107
772900
548493
31233
154983
211869
47070
440815
460420
997281
435902
695606
652197
140230
360481
459680
953391
439301
863278
629841
235495
582320
46348
92922
158738
59607
427635
491096
52988
74614
477113
806491
36814
359033
662734
906588
335464
317367
644670
629663
277823
350619
736513
537605
472009
289503
876916
890927
926823
411974
302983
887850
889233
798286
874564
711918
926610
280077
366192
615333
166248
137683
199313
216944
457065
111699
105235
716391
229560
950510
739527
95695
668040
101281
701487
363495
764842
517541
658251
699199
218
524919
680662
311246
344911
238869
893929
184065
232978
300953
546669
437871
303595
760356
327582
248267
319956
617395
445625
271837
153291
23596
341450
327543
545509
64074
265173
800885
479231
891816
981448
241106
966559
463510
793185
843315
845998
175501
995828
993152
525817
248130
78596
792932
794710
329135
562832
37017
682649
140683
551292
466079
981094
753235
973028
306400
920274
613726
814053
902557
260499
837499
578090
144237
929690
760612
245174
376886
836203
355116
707149
819419
284435
637198
808834
375023
798453
381344
823346
10797
741250
715210
536353
643857
483168
878930
632603
550308
438856
799233
792345
403372
809420
353846
257547
936439
742218
806649
118602
477277
352202
850166
174553
816614
315041
923321
88946
35892
917210
392063
915947
160646
25916
946665
631219
642831
964135
412784
274645
368430
220069
8102
434443
668624
947390
488274
840932
712034
143110
231621
525256
469775
145052
544499
582198
849490
422824
210912
38359
842265
518783
571040
950936
209059
771251
971467
494258
461698
268103
101631
882137
140778
886571
353436
52163
908910
951640
283466
543408
445684
682145
411600
778589
511844
436366
793457
274903
175667
860023
121877
227123
158657
251543
318325
617552
476668
170713
610891
678134
898399
655882
182719
643409
468707
859184
281848
206194
41811
120251
262331
871053
99311
329500
526705
801361
918566
172122
246697
778620
252981
964874
461178
22782
973128
485205
123155
331033
658627
421726
254458
958971
251586
686195
202306
302058
874021
489701
141373
129421
70328
358401
730567
128918
690517
193978
100208
877065
135463
785853
377103
482227
933741
75593
371205
521812
742084
188319
157849
339283
34914
792357
216847
34646
642162
237849
950136
197160
30127
155107
187111
699937
515445
858196
265707
921897
872576
941790
784388
569267
605731
693023
245373
518861
136589
676921
89394
199345
149614
158063
588624
565120
570601
881732
928942
391709
426961
72362
848615
271252
487731
665589
205738
406813
851056
350923
363325
509458
834401
478240
413845
306506
240422
406590
149947
849221
971371
961410
670416
236083
190386
721492
789856
269626
198328
540660
188398
994645
469105
32212
234043
801625
279837
701772
25331
554872
193004
400943
50516
919700
874278
157758
894282
349130
308316
276016
458471
420824
538203
347744
272674
457011
196488
800257
684787
280773
875037
629955
621980
466257
667057
859021
562083
698055
787586
587095
851480
927923
75583
336750
732444
150187
997574
500854
241656
996672
983313
21652
171838
783433
76275
744299
688850
184979
586376
515994
179260
51822
86532
525694
312891
450828
834446
26731
246169
216675
10101
797784
258463
587558
71498
707655
638990
696965
551718
727747
70037
74904
95614
670062
182555
238712
476953
529196
792805
276871
933963
118429
342255
48329
955770
852394
960359
295110
632865
353226
971343
347172
331641
439803
529573
753969
904804
429025
71194
853076
204275
329989
596058
671117
614123
710724
491021
402286
499448
427569
601701
813566
547945
451029
244638
130494
21172
703670
488488
728515
653308
793540
739817
565388
715909
214955
858244
542848
691444
166236
251125
611497
744640
791986
71139
896533
416729
950568
853333
447672
618314
775316
302997
88153
696581
270571
729322
6325
668086
612219
931784
488680
96518
214118
172753
701281
193020
613619
958257
997891
431234
217991
936950
701790
397660
730356
1765
11381
800958
965123
8851
517168
877669
54496
902657
541723
471737
939163
260758
716630
794786
977443
771830
602253
703790
600277
535355
116974
172064
177469
521813
193300
1455
3142
26816
349710
884567
845574
302320
653881
355925
175690
505476
703201
664829
340784
102863
408406
670476
23079
454035
874296
307558
959812
167901
592354
618155
703399
22148
148058
968407
247258
777325
43530
793597
186270
767070
310975
271519
328258
941798
139302
150915
299491
478438
416430
56342
475276
648874
666095
781083
333371
977371
570602
353624
204998
933918
652234
786491
698268
894933
757384
824095
567667
516988
835013
603825
894104
489793
429476
417179
208220
335313
395471
287490
785980
688142
409309
888426
993502
551654
941304
963645
29186
264566
728243
969925
501679
333236
395937
187191
227019
635088
345628
92387
106896
771451
254975
962747
306784
84763
877167
859003
450638
874045
119910
381988
348493
48974
127353
645212
423744
93523
875622
761845
273847
990297
529877
810384
743376
20273
743375
603579
91312
884790
528476
483468
318621
325570
280120
508412
667875
574123
157366
236863
212883
141888
793425
748827
480281
1491
287156
373276
792075
344872
234115
589039
15006
285143
495453
567180
439040
61231
620139
539235
349446
47644
731632
642135
691051
106252
669136
856055
490731
703741
920483
479459
30221
792157
756279
444506
795446
465919
564780
282757
326343
655088
556060
778394
863609
187470
197663
570892
127640
177336
732553
195252
235530
676388
399561
311257
412593
156727
366561
112931
690503
148218
558543
716540
812919
355388
202943
56223
330685
758805
949823
96793
559540
119947
447935
889393
322621
964474
294939
253231
47261
120117
275726
432348
206594
338244
22255
310023
675814
770508
27296
8955
935195
56591
957022
104655
982548
773765
858636
406597
360214
248107
114857
869870
805836
663660
617939
792289
148409
354099
278660
570426
400134
999421
422391
617918
379998
583320
161154
354946
754600
989527
491785
126005
88891
658182
546363
317199
325613
867744
617804
13887
394822
117447
846922
260592
795439
787419
438308
113319
278496
716408
267865
698078
112200
946966
466336
78360
22755
953545
894783
371183
213196
107556
978245
841994
144970
288978
436302
948796
571282
943203
194394
464431
485521
661819
951137
232144
301412
563731
846920
412925
330462
793880
756500
245265
365766
396185
621078
323148
598550
743344
361960
766692
559376
563027
356638
922345
186121
669865
83434
80500
171398
704358
169017
150224
926616
69538
679303
262678
681349
24689
696959
64918
60229
13727
257251
71496
329826
390467
847179
530027
891689
615303
539921
838112
160876
897660
112446
206629
174391
533397
14427
245465
369903
813973
981364
267513
508302
708463
328923
566795
249937
397311
783467
985788
747916
142404
800594
920025
383994
82069
21897
721030
954981
680459
717652
650603
866516
92200
852465
188260
913059
733171
549680
203297
698095
109130
827622
611569
125027
145112
38082
385413
715249
872196
732074
910135
797514
869950
685872
303527
784508
821899
148951
785765
49662
177696
679718
258620
581735
286087
739931
481354
577949
157853
717951
933251
724127
71414
646750
512958
108955
953153
481076
511808
810713
645886
898767
560125
360428
104076
487414
667927
609858
590047
346678
673562
874735
612345
574271
98239
58312
292472
874002
680014
686545
796626
589830
524851
578459
813628
212517
377193
566672
219432
625143
134452
850588
978681
338782
122311
820167
404534
296489
796215
441106
531220
327365
43405
865296
440467
473939
174963
666254
149962
607571
934527
454606
462725
749072
1763
120076
886053
36160
637353
769755
615403
266126
65524
882933
97827
876253
492309
754701
674994
233679
433172
246478
318327
114327
714332
641311
574753
564223
19598
584309
429188
33106
998978
500790
447522
61180
557781
259687
633959
480394
727781
146282
476348
39124
12962
569335
323408
370489
273702
340748
128452
444807
782240
678390
882130
533638
346528
823470
543424
991366
570924
650277
563515
339574
111399
827610
123346
477411
66583
885802
868234
287285
524856
446139
399825
40872
133865
124761
722687
232522
731545
351525
678496
65788
594858
171361
934366
903693
447214
76375
963969
74235
827367
73403
223182
71216
587165
168386
148138
95654
750463
660308
105077
169286
653209
227646
9525
421062
735333
482799
92433
437169
712335
987521
905075
544264
367029
205062
772907
274473
509931
202615
142800
349416
684654
620474
682409
203744
856916
233920
502003
211822
447377
721208
50954
827776
860161
899573
915844
146983
772906
946449
548109
416560
145992
979724
863878
714879
41033
321894
379134
737759
602056
157480
434251
784578
879318
645185
757579
801440
339264
879095
63701
341007
619402
820789
498800
83016
676891
455253
431791
592294
60842
476638
220438
922315
320818
558806
769838
929438
76280
470074
65150
543759
6471
866258
558733
538401
221252
945401
619407
131341
415872
225442
410892
669337
32608
318865
888460
158623
299019
869589
190061
926638
234401
757976
378691
282426
3225
436557
505049
444817
739448
128857
328763
376844
764810
470923
672971
393429
906149
773215
330495
181878
503256
589869
85924
498836
374141
371692
138230
532417
241630
31261
695165
124320
232644
109082
991141
323405
935435
179201
771095
499980
82729
591461
295594
128503
295706
100142
8567
412852
90780
464159
203262
637952
862374
829942
97432
654920
484888
395243
923622
945366
266965
712594
45967
556344
677055
240767
58423
717353
21457
317877
346595
381880
688356
542927
799263
605754
572012
3258
185503
935525
531236
213081
514961
453568
2925
166400
663359
281201
685843
419221
375799
635954
459366
350882
783588
937683
55367
4780
900614
531605
681919
161381
958517
602642
642026
237241
264221
456632
129838
165931
372772
802612
177706
435852
572911
100690
407338
731350
481420
556406
641329
237748
948706
132158
853388
713231
943269
519924
37882
541663
846583
921399
114645
792696
857742
319755
115803
587284
968661
977300
91067
378487
189210
475779
752473
538219
194924
147502
502962
551049
269282
166121
206335
92174
576115
496098
459251
790585
123360
727463
327748
174726
768497
840623
522773
730348
370638
421420
270104
537024
528971
813633
801126
266290
995876
167201
774584
784430
968435
977341
548597
441303
786216
111992
94279
522270
244013
157866
509657
819751
396963
197315
834860
65786
252130
673812
518771
365462
451913
571769
536132
747787
377158
7459
288522
838195
508517
395211
1787
815747
563367
333813
140729
482500
477344
339833
736743
503730
285792
489225
112206
388432
426532
312248
478905
611932
661028
997371
684842
174528
688860
142560
330989
591849
376698
106606
223186
820509
389336
451
154585
140225
703171
48651
538035
289616
748756
677533
624053
654542
94799
824379
276639
166059
124104
440279
826207
672206
420572
44149
907726
8331
570630
148058
501473
979215
960542
516246
951780
516394
625778
775683
655607
645952
833460
90032
451710
853000
71701
954221
430941
574240
315678
378448
771621
925402
408376
879565
163604
595855
105271
66073
415719
76301
380276
398836
386529
665603
991237
999834
245597
409795
79311
758366
41519
678853
808019
31268
299768
25370
337739
753109
186031
631745
704008
812974
211618
420299
494722
150095
686802
608357
481863
31567
106546
699941
502726
789771
44828
950938
506088
587072
473636
383906
404182
839154
217535
619710
979338
93601
800264
745121
66694
128149
265911
581493
257390
728852
857893
568436
927444
319063
983411
432708
861769
866952
205938
246578
537900
63002
488560
934421
349979
685938
849691
837514
733969
423873
227158
991902
285986
827572
374956
966368
30582
316168
497410
362576
274662
786542
810911
614305
622813
227370
489425
253441
530937
574129
121380
12025
489473
342226
851886
959980
51724
551611
508104
254569
464640
709498
910886
454830
191062
68066
799921
550532
877533
57787
331635
491667
325518
639988
910376
894642
654735
674115
546685
450679
660106
908446
847652
305619
980735
141402
676565
27254
965713
167636
896740
450059
206393
146168
388370
432923
337247
413846
198069
589503
777535
600244
206678
50706
746321
905876
717104
89925
981867
321260
499212
902759
242038
540396
118850
672048
968885
373577
171639
568418
634398
548304
631473
345141
700240
282756
705524
802412
73055
968378
225713
303371
924812
335435
365946
3986
694486
904655
396016
340343
345078
484498
557764
571620
676793
242847
371935
78009
789108
808448
980612
714537
35806
527386
736569
340151
93588
402130
764033
175947
658927
665936
489024
370432
302194
430841
78436
975584
606356
424681
780842
697742
742535
463070
807037
735771
782189
616272
619407
361204
17071
424503
96739
336119
45409
467365
461060
130172
185500
315430
260146
279398
481593
657387
100087
177133
6021
836395
973037
214130
508345
779491
73481
118575
335558
220891
161432
75858
754752
982858
520948
479251
177195
299835
121072
991015
684590
497742
706880
709063
381599
529288
872675
87408
252830
91958
905450
744209
911137
9607
62566
655834
855132
145463
712487
530153
162602
191671
711213
290950
562549
615968
965462
195087
239779
814744
776167
764052
827352
792973
856060
867606
598087
440833
275790
484623
582036
62100
181104
915473
791818
309852
973853
329431
661580
431170
223654
982283
318634
782421
789760
778599
556640
330595
644361
110126
81368
757942
975936
798152
462794
244187
697580
189534
294232
668020
110611
577456
670942
530854
486364
810081
656547
334870
509268
754633
792628
15280
216674
41291
318373
275151
174546
389151
920686
338914
200190
661699
257585
363724
540441
322831
869022
535819
963601
369992
90651
756584
604445
571135
862490
782201
609818
338018
818806
583114
84159
595998
339693
245161
527433
610353
990147
545251
99052
860286
949899
66018
564686
128796
771657
635477
997972
706129
563030
424002
280292
187976
270196
126415
60871
837331
995348
603736
611562
71492
673546
409559
455739
847475
316962
69837
446073
756248
906123
334090
315951
113203
911974
162233
116295
453951
633613
55224
129415
105171
886535
22761
564089
760254
486995
890811
402325
847985
604707
21773
170198
542301
48634
963924
202481
882929
942218
191133
496577
175977
713256
673338
864337
328089
174910
351335
29916
194162
840870
731820
950448
642958
811091
261550
643564
124857
194652
21159
328693
649439
536956
132816
636600
974667
221546
611144
721458
985368
186279
658838
684242
266598
599334
260561
605418
236146
680109
512619
209434
98054
283491
580565
569114
777873
935466
367832
455399
349210
243307
873292
813317
801024
389955
8132
444448
514377
923213
575154
238642
629667
185690
193666
994261
151100
419618
124747
188606
346082
495009
669403
918587
599130
385260
396480
63805
988747
896625
20381
354383
4334
751095
543335
795924
968591
559550
824604
690366
682541
658435
82281
328037
690684
60578
682152
6511
700136
929438
748248
180749
669491
555407
480110
390946
434547
583305
407083
68313
789996
997383
884684
615003
558166
243711
120394
689956
100797
993326
565584
375717
344885
640174
338256
22381
495944
163399
621155
349145
254209
662175
433482
536846
519433
272827
672687
506354
745106
72351
246156
558258
757113
405521
585641
817032
113805
509669
325684
72278
239072
265525
385745
743884
890005
410133
858874
948191
775320
596637
608418
921454
558163
95859
676927
280458
885784
252970
578372
946765
169702
121887
440062
60483
5382
671600
351230
174136
427106
713002
595091
834225
635243
599505
917618
274703
451211
284103
395895
38532
813523
179987
780362
155550
817165
930934
153215
99224
371287
761800
65062
587029
682712
653972
69776
500073
126402
796922
618575
470392
15142
107675
651147
704867
51937
625979
652659
920635
300540
152852
658753
137034
83474
929369
506181
974310
607746
165468
955431
659814
190931
36126
913577
485318
608903
812403
12120
301956
122960
615425
756097
41218
282539
893632
176732
406127
190704
987436
923570
532172
667512
144270
480750
165964
16700
742952
445
731066
515155
621451
592258
650934
411184
217162
563150
78515
719756
962516
516296
976869
970042
874951
483465
500679
987070
269577
727876
749159
216119
990960
995926
574299
741880
422653
366774
259237
769984
728920
694158
82628
663316
277558
747249
415824
691507
573056
187265
418017
460815
612125
394499
550456
550900
862179
39901
616064
676039
771925
439632
507491
989440
580890
814267
72710
853986
40139
512230
933630
992964
789749
185991
463100
575610
483589
559835
381215
899050
493742
636789
51040
999297
228580
120309
539571
988138
170364
229087
379088
195823
132637
291435
336988
390559
713635
250510
248094
552313
175046
533531
625867
183879
372875
356451
643542
900993
310623
775768
748994
479722
596923
347860
117519
568809
99675
281423
567415
563052
848757
877908
157448
170415
927644
930558
187855
390470
292065
81636
450440
473065
952043
733417
679332
800585
601874
495509
659499
894369
115850
301328
769785
925111
300507
975961
646766
398386
433564
439798
878602
629013
720015
840141
953960
851696
455972
891274
407637
871266
935115
228132
273026
240638
82310
30381
40690
473538
117099
693557
76557
828369
676316
556655
776170
833413
166028
544312
415702
379541
760229
567280
711376
333497
813782
814168
640601
461432
15147
445823
393595
801152
604458
348836
815889
647175
795121
144358
747097
888200
954092
469518
218720
655419
514585
932720
206347
458838
399978
25973
52198
475929
275066
397688
5608
394106
437160
228470
154303
54782
186099
155669
977653
662338
717702
152230
351224
245493
262138
767700
5837
976147
509837
981673
956880
414811
965568
358820
374963
540166
857888
691273
912501
256885
657027
231910
373483
773212
81382
189386
459656
878515
828333
134287
899571
643811
281570
232697
962186
462409
369555
390132
958259
185521
860403
260848
117610
427420
220868
679709
299814
824068
883699
720356
402763
780471
897084
863788
226506
801784
632675
992842
48864
883516
431941
330968
425681
147387
579342
109674
437520
974435
804343
870717
314430
853369
12133
576644
562557
343908
28956
928237
818863
997938
559057
255718
88521
540580
287943
841499
614794
570051
830926
439869
740079
383342
756200
921934
785127
829691
37140
857522
918700
813697
735369
572321
764591
284363
852879
165444
745933
946398
525515
223449
337513
798335
506210
198981
762498
969401
443064
492057
953175
809578
340110
992490
64852
265297
598884
870188
627787
652544
224449
445980
710758
348877
546747
719395
53939
824944
909774
378110
190722
555613
486506
593162
212749
48912
539096
711438
400063
609196
750527
663782
805477
426617
196790
89203
721413
214174
505569
14488
191270
744401
591221
945304
86801
84551
777637
472216
882940
836854
653934
772500
143312
951833
630716
271221
537964
781517
509194
918919
716595
564002
615823
185724
56399
952574
255572
572662
448155
320608
918381
121753
946828
974363
197864
955008
645176
133732
842482
762008
992402
781540
506249
652270
106682
64326
389943
81153
690241
965573
743344
475753
203700
370839
222485
790798
758859
298195
864340
380980
308369
291171
609379
927498
471876
793789
522724
553986
411270
861864
644924
13933
76246
972953
715968
723745
556858
871278
90303
543596
501253
644035
245168
634147
624049
478436
263016
809013
702598
97075
396524
113964
344948
437982
583390
467891
459998
179826
628539
740724
54879
355474
758159
975503
89414
82355
411712
175907
846756
350535
616971
449773
700977
289066
840595
274352
794334
303622
398825
157835
350925
337606
607152
450036
923406
458385
572355
809334
759758
912473
424915
103267
251765
344556
555159
520311
738070
400094
11107
51033
905001
69451
966631
986902
453510
640683
59391
65901
363034
959613
101228
257435
141134
17468
67857
242768
549350
564523
647880
848567
44445
415257
737730
353427
596147
453848
701726
258060
516458
331934
850241
53149
726024
891127
44373
674711
651286
638808
845044
36008
419403
507090
152908
28966
809936
521938
128309
988998
889285
437107
376584
243685
959070
363036
827186
524706
21654
142268
55532
548445
243795
804550
541138
621872
325017
739915
237660
203427
686739
722216
536518
110746
302802
422586
20127
207515
767369
978572
845125
269294
715784
830306
634888
935579
611851
147606
254342
495003
662817
629891
428750
628644
113788
422872
674335
887967
313447
477829
923489
396925
124609
247727
700986
270111
647650
951127
878286
294587
151980
31106
743143
483798
355416
194514
252671
318911
398058
909704
785195
648522
738359
834067
31968
149465
638836
780383
329607
272708
786771
760062
977780
85908
333526
258308
528427
917112
81873
767781
698983
392743
861247
784649
680713
401978
484492
134289
215213
615737
44782
286253
168130
274343
170354
947102
512576
639699
554442
37886
348104
560225
624604
64630
644656
244706
595203
223631
692172
92711
568246
213326
937793
178483
192050
523322
846581
691504
202798
759680
770316
138115
87005
834215
661931
764467
628124
673501
112864
344756
845118
820994
887508
46813
739875
904014
319298
311590
829544
305131
896922
40728
475532
138264
435605
207485
774650
407620
806104
290463
348664
15692
4651
416402
325283
797069
446318
24021
156353
558075
224610
753156
656588
870940
302342
288194
640441
887789
663573
531425
213440
280661
437126
779557
362427
511141
975680
680982
442301
416936
696672
956370
652565
789897
648184
614675
243162
768271
180920
413566
609973
600629
179711
814989
659381
600977
271287
60347
827866
196559
349918
742153
412000
152319
863745
434768
309500
858619
301165
908364
831820
945109
883125
638950
508139
457421
510974
569333
567573
345186
213147
145040
281140
890952
267680
723942
25969
625185
93973
229059
169346
70780
36848
109577
903425
851556
713847
842402
38463
280534
606170
698217
508866
921558
541011
304135
91205
937572
614542
975718
871833
408764
442957
689731
553298
853121
911347
825411
430827
891869
110823
617118
992356
278590
387212
518263
527507
446248
314046
104551
866138
687130
717921
377491
914962
129984
990954
428309
363417
156643
100720
767344
104026
139645
443659
267869
982483
936730
576278
746438
368951
113093
693951
517335
729194
842810
59972
487116
714849
808594
705133
676081
284126
989182
152575
507717
6396
271620
609653
415673
198598
947852
657843
291755
209768
593501
115402
779132
897568
808534
953092
228686
53287
791134
119102
129596
605342
17063
721087
632907
16262
500411
930773
368311
824628
681625
46032
421301
848552
622765
218455
305933
490242
231730
334705
962010
529322
200844
488163
253136
753157
53547
452690
931010
322738
315520
343569
878219
631716
989822
457288
708666
873414
589513
274390
964167
909033
533769
258128
220042
482914
31140
846237
388647
720565
677801
633219
204445
44847
551253
424325
13495
772267
745891
636777
681265
876971
450065
540754
25966
566607
234215
806922
887294
721360
761921
185387
979710
906024
928513
655167
412552
8818
884472
319128
177510
723198
121665
351027
112331
310989
129000
723854
912861
155983
901099
480263
315137
705472
519551
699989
791561
241515
677723
858742
271371
327104
411073
129106
455843
874672
874859
597032
523806
51127
810340
76746
229568
550488
647941
826011
781268
144770
15201
272965
404750
921226
222437
169748
911089
112043
213981
413154
801589
984920
3208
406458
522317
200405
800181
350855
133600
577195
237804
479684
317385
283044
901184
28522
8082
790187
482335
324692
505421
311628
13172
72315
923067
402433
652898
489775
189804
401900
964884
94108
581445
611960
688052
493642
717839
551825
801840
422348
38525
940615
319073
325084
31830
360343
575309
788068
439755
750186
116009
28095
933096
306763
246435
230057
464442
110571
703977
373660
346963
173640
487225
876326
50022
71585
958683
330253
748609
491447
543107
650372
568511
384249
589924
587162
561731
92158
752535
433948
108600
483172
983785
964201
571188
812394
165276
25392
270696
934135
943808
888733
291134
70800
687731
229511
519382
661626
195698
399613
247631
193525
531645
281580
146971
953089
723334
725555
632328
460822
307887
680362
828857
203807
111397
306598
800006
453888
484618
557386
700558
541768
239349
299153
512337
332299
460456
197163
503998
152638
347676
992040
917797
875383
413309
838260
444106
348191
593131
961713
783059
627945
119276
465083
767715
92327
681045
923024
653479
129930
101656
66883
467509
656586
475199
127762
39749
288678
353151
143185
238423
77700
829456
813097
437532
83025
552272
579133
772341
914670
992501
107269
214284
664145
742731
863591
18343
831232
135716
805596
533600
89345
381250
285638
616605
799985
591483
592056
964701
81807
211007
460793
743741
688597
67229
391791
558490
252904
132759
95330
629527
562010
494186
24980
250204
838844
896660
69723
747280
714951
224940
779181
218018
298457
265435
945079
39328
363123
459489
405158
793895
516048
906228
143726
548268
518075
859486
288494
186027
609022
247504
973925
194117
585351
984522
668378
731151
31451
298616
904135
164629
433159
938571
340864
355730
227612
587709
274085
54263
113456
988398
265093
867977
137703
254953
476696
202908
346380
724389
741154
28115
618685
955420
519283
757038
397451
422686
818512
894490
266476
132371
848329
408767
629720
151462
337833
785176
426886
664063
849115
937361
442414
157028
402545
223206
876261
239629
823976
267141
22308
808913
586107
130452
878277
368265
501444
48869
700461
891396
457578
714811
548285
908229
392627
644857
34813
710242
678035
952573
498506
714091
44002
782819
904200
503277
598681
374548
87886
907384
341331
23949
434389
408991
996384
587911
588884
638416
68342
297399
281706
885215
39182
179270
456892
991570
648634
289186
173513
173865
752910
988451
299890
421690
92685
522595
939353
867265
462646
863659
410592
142593
81595
954073
569521
585506
717034
123965
986496
492314
396024
317826
519176
302323
253315
673164
208414
47516
345271
338526
643179
831814
602912
660831
422797
801521
325483
399874
371034
348998
770948
632464
920063
159259
356879
298110
213497
543175
115056
570058
720070
726581
360419
368385
438036
881323
740635
658354
358422
40485
320205
412467
601097
607933
51566
611759
298855
800790
287048
411339
830861
250725
318965
10467
330649
989670
749175
44519
51162
741920
79723
64074
436041
454452
716228
540049
721122
691959
818455
176683
112491
113731
150623
416749
379932
360073
340807
481017
574800
755890
586800
642716
978853
891856
219770
139505
552634
284953
579501
624395
647472
552021
195719
657087
448576
91957
129291
426937
336070
38167
249901
834217
106013
921735
864423
938626
394058
2575
496978
253503
811480
842306
330111
24571
204417
889650
486167
250643
714507
455233
295338
695164
883039
187099
774226
789254
347320
294428
847139
483015
167460
341213
922186
229711
418599
854621
172551
382280
225201
450337
530947
693133
398424
300532
922522
738602
232614
295165
733657
832428
530201
512020
614867
534293
367279
88314
683522
399880
121271
37257
323186
171461
145891
260736
499464
524153
83786
832541
836400
828915
174995
910522
439361
546792
679983
21640
659208
456879
932084
375574
834766
357110
854409
495992
960015
888376
791139
574021
990125
146570
804372
639424
350763
217575
442716
150072
315084
19596
813241
632129
901617
817928
217858
195404
330957
113579
725390
557922
122367
952783
471513
215175
559609
939188
233504
989450
555731
575633
527162
961585
383180
929906
601972
889996
520867
320123
790193
558808
499277
757362
328046
450820
339434
994590
532409
979327
15825
149872
854088
649110
74739
205246
82181
682275
54465
420534
199750
974386
576781
837651
256716
155776
324508
360499
588544
463993
470371
359966
240245
38385
619821
767542
873890
276948
917890
416574
950947
933443
761380
993551
367743
117399
531680
759323
51528
566329
454918
646848
301167
472082
682161
136544
846949
412390
62041
479842
651784
102121
604401
29395
832481
431131
929671
975418
150273
88513
485647
576362
85357
894079
241311
995164
949598
387255
986779
211365
129868
955423
438255
708323
399254
487259
197918
284166
933281
764221
423568
572223
62665
542103
205054
850125
1774
385567
801017
678516
342096
540418
954730
723420
510641
953588
160217
294431
94481
313369
76824
974213
891022
910326
701578
61234
742151
78340
644937
83681
729597
857030
542759
230975
892342
46826
4346
667893
10700
620937
510976
63428
231694
790190
472680
215631
14221
23385
703530
219994
247482
473644
365048
971866
337464
220397
459832
203777
615781
644879
158529
538401
116262
144128
289160
165616
446805
117072
261678
454612
247206
110214
501027
545101
875728
34986
117487
508109
94964
620902
317594
220085
41848
613086
846032
983237
170852
674450
406809
720273
162028
484553
130620
172947
37470
486521
88605
319327
404131
289220
191760
266722
511181
356761
664901
560245
403091
529741
416469
334748
200809
378602
78811
765804
762156
328621
249374
945903
54392
757958
610199
790329
348792
472179
522596
16980
817729
56427
911011
360561
266434
255383
245292
111319
247835
501080
893072
252019
964809
425118
151962
272013
569924
928375
191723
364677
634585
894589
348415
311811
613342
399752
431998
983084
668565
82688
679441
44845
435761
943269
156707
772984
765777
431934
944531
476739
922306
43866
502561
238569
968511
40212
304655
851762
300605
800217
620578
661027
725375
810027
867325
710286
15408
727373
172182
466438
535230
198795
836485
780642
437922
789750
168914
300854
806250
156009
60600
709575
188455
96877
683216
29942
551784
887482
288822
920580
33372
991268
585917
462089
902391
901247
340898
698517
711004
426776
893744
727975
196846
719117
691195
904221
40164
915310
18241
911008
469865
648968
265218
803598
393452
89260
492152
507619
905797
847090
165063
541888
806288
101266
179273
794470
855111
275492
796514
330998
928002
732358
607995
482001
593491
565955
487325
830597
326211
430392
808498
276147
961200
465613
222302
274261
887175
176257
939229
197360
306879
842985
313726
447732
993738
43260
697561
73554
906719
601203
3141
745766
558935
206851
383384
127622
37876
32279
485471
613365
743055
285249
183019
734221
81142
88967
93741
326106
493343
638162
724421
3649
532092
738905
607730
118527
547987
182363
62435
980068
541877
16157
636753
871790
843971
163967
870620
840914
198716
752424
75771
163726
789982
381306
760345
141072
289880
888808
188883
866724
984075
930140
12049
212374
210928
244569
349791
882076
304832
174687
133207
36807
799386
235410
985310
380115
790980
943496
186579
684852
880026
214542
603527
342474
828291
664466
676742
477718
116314
10158
813135
31054
407548
758769
105619
442021
929969
898484
935194
744835
73861
194426
111660
981388
345458
463198
338096
511341
648589
513360
786529
491991
101954
265813
221197
436861
70153
109394
252146
921839
577852
6444
420655
535277
683202
710458
714857
52520
298569
644485
72952
489646
4772
207574
499191
899906
952869
18730
587978
712493
341481
458758
724148
381527
349092
4652
288469
987931
334166
844077
320671
84905
460559
991746
160022
740661
917939
180459
653973
841526
567253
553271
718062
827179
704037
533123
720682
451344
147901
549082
118633
468942
283054
29261
74731
900061
251626
290047
153537
595389
863703
711690
463647
549680
190295
703104
635013
565676
103954
733555
987524
237863
330940
523674
296349
502385
914649
340515
890642
775548
862341
380329
111855
465834
717300
451390
685860
963210
673680
283667
577284
457422
624898
950282
474261
690693
97755
662230
426405
85758
434715
649087
268352
314375
153251
166218
453030
108670
856653
734440
595406
44808
968067
566428
804879
342195
691915
910197
663442
533096
431474
91634
874868
378902
574099
759447
650660
611300
660862
639698
561424
535268
239929
194098
688985
213621
482444
185769
53916
739611
380285
199870
849818
764944
803754
595981
426439
138291
455561
923529
491197
201725
570627
395377
535164
754886
593329
805333
483706
207920
262901
238721
215169
841399
935668
60299
256802
416946
953318
667405
738358
16020
640998
406825
884004
509914
277286
824320
892532
306024
966473
467340
744730
825540
750950
328140
935755
419943
332412
793789
275383
441206
892676
180621
887191
557770
619416
346139
77923
599388
523778
537859
878888
142831
891992
740936
412065
190701
27173
613002
388906
667260
718585
743913
117568
574176
307425
117023
219208
39772
520664
732409
142301
961143
175116
465689
482680
840615
600088
660258
364712
721011
382222
832666
969062
390744
336923
659150
279432
270182
734854
363976
911734
665954
113968
14864
454187
558493
109827
26548
369794
829414
922073
960586
193276
180991
428534
305903
879882
294741
860666
347334
729821
413479
301345
482739
835675
801389
721919
60310
592740
571803
847968
177243
522737
508626
177576
870793
26510
720584
550477
978230
183060
631096
932236
281667
932946
446388
685844
438626
236008
501253
790173
171981
657859
560417
59246
136638
59566
222927
742628
390652
242665
279198
689299
195500
162301
656007
334966
194897
348073
420720
984162
568570
263232
191722
701218
145490
174101
370139
607527
350
558671
377265
524964
264751
10027
234438
531652
12503
639356
259704
901802
192321
666578
521512
953123
434707
247614
182758
65949
364999
347402
932858
979331
181942
775443
824946
813787
242870
298548
705598
247681
853164
202007
381885
646876
294390
39737
590057
522823
608114
552175
955415
825852
32672
413968
91636
598090
602860
137677
599164
507055
481182
66346
297827
341035
105180
740409
541882
101976
520184
170948
765956
465987
706125
477877
590581
90524
698522
140544
366597
758040
99011
432391
74020
752720
174813
164292
387631
417099
303769
224238
933906
330864
202642
641265
869422
986494
611847
844011
850690
978213
638680
317840
793080
7630
760332
519839
994756
153268
834026
126994
896630
429381
732581
929017
488117
984841
921068
829258
172684
873285
720337
707246
74162
375102
183048
999365
840944
528186
262611
595054
985867
224614
636271
467718
948004
679257
915514
110074
280404
250640
764848
172392
909447
813524
678314
968345
839097
728811
47597
124102
985969
674235
649035
321688
57347
4326
412688
593436
714073
762397
629096
34165
4880
689585
955561
474750
686331
965004
453504
617982
513955
605818
692564
972650
162984
686907
181489
357003
747632
86595
493148
365147
129941
84270
457027
19467
371928
786842
519306
485652
25034
133521
969648
393229
222850
137516
82002
794518
723654
299724
265091
144562
402037
356658
543657
144802
947268
263145
965251
201705
190909
296763
605267
644965
209906
999167
356197
996271
442420
911009
193397
869618
324174
143130
303257
439055
223711
705818
604413
845803
575653
367292
142834
365165
908833
194166
622963
219071
491876
132380
782825
960349
182572
534589
128990
375255
68024
369847
645400
368057
246573
50431
913865
361349
418183
438484
199131
682869
481685
457278
492493
494184
557968
443815
697608
497103
543590
887396
852924
10765
841147
262835
206159
616632
739864
523432
9437
761252
677197
804571
298887
544953
37341
3964
171892
68708
435666
59562
974461
321059
20410
311702
654911
168739
125854
15050
219072
123999
445598
20947
266552
128456
249723
15090
540661
15712
82181
694104
564409
280799
508064
643814
582093
871615
161850
199077
218857
236481
663166
241348
223521
834853
12287
3975
675090
77395
109578
982182
490477
974698
373553
893634
55522
571524
483885
507397
179342
96301
123556
684557
335364
261446
810877
879101
904782
325078
577232
694523
585727
323751
539980
412846
438068
797719
518582
667473
160475
378484
207844
673848
101054
715311
149617
581383
762848
345958
385856
619145
480701
154857
2841
601045
175474
112134
288298
463480
349334
568918
327811
808319
468003
142743
611714
725546
364715
205463
224226
278861
348766
446744
835602
830128
330594
730235
609813
420642
708636
35782
8239
697125
346436
21979
858936
675438
203099
372544
908847
117691
559808
468097
840504
313391
963000
983038
474409
808326
90322
925093
198676
253035
409978
33257
192740
50020
855937
892052
765236
712700
855080
339321
408668
99514
791983
529072
679442
60084
631838
420704
655691
261277
950552
152796
979489
583965
183367
351448
469763
438072
926762
311683
921625
447933
312126
492896
127015
594473
69383
68958
849568
860024
985677
14001
259173
570778
476104
235158
692509
180520
176382
855027
762597
239378
640344
923558
112420
411280
263416
590817
74111
248488
292098
593629
368598
367244
616661
790892
850604
873304
715603
97748
567984
408205
225143
173875
112074
366929
136260
754042
131251
710499
645520
709165
646856
916718
435568
992600
342802
781016
546507
587446
863962
344541
953321
954585
17273
104064
457538
54312
80581
858588
919767
68971
812879
440937
667152
685599
921425
253322
134463
582009
542979
169994
421883
287013
716150
331551
313196
246899
992846
670452
577347
565281
748173
808391
350691
590843
783335
955720
49326
722870
308699
602056
361729
637438
685683
64843
344760
348562
193567
200809
825352
945130
881051
41148
685757
298751
353786
320886
224163
681086
833702
554118
794619
400534
3706
252341
267184
572817
51466
865421
919635
216684
598851
871684
302919
331375
475796
204034
691962
702020
648197
493096
742995
967689
775047
949162
550619
622016
311368
422766
397973
486968
270909
520792
108897
524074
561375
653428
798944
386658
824347
900630
898755
45588
475098
670908
930429
644566
666680
529462
874284
544388
8044
95594
889752
830591
165215
203168
889308
152017
912687
142272
641361
381242
273396
769057
747020
583828
782520
332734
391812
188396
807328
339901
77523
829095
479920
263761
478005
154341
344151
767439
884460
577343
114242
118908
978420
888509
559599
309531
99326
541538
533679
536066
598985
146348
253943
518886
757693
790973
616419
256423
568914
638605
217463
694778
297143
353912
961498
705203
984449
790752
196147
644378
458951
642950
909122
954562
273776
331130
539202
117849
97646
318804
443733
516490
707081
972393
91463
530372
629036
658568
422880
905217
8526
181677
32855
249047
847458
555008
425156
330640
886290
340079
999381
783644
471614
909409
382735
772973
82973
999348
128538
691685
598704
406173
793298
90281
792514
609932
525866
438000
548602
764611
568317
748301
541096
64624
269991
548193
723156
588592
821992
879086
244900
496916
549506
344531
990989
813198
15769
638265
952496
529409
670287
697639
131233
792827
253772
724793
363534
741410
400891
285368
519070
565433
116244
222954
449513
384715
900557
786545
667799
358765
305311
428018
355064
12636
629540
529446
365196
389099
431041
108472
285785
596536
307070
155499
631223
929638
660567
364497
292372
109903
785250
958083
361924
574813
380193
707911
53963
482164
741556
761991
644884
552735
353084
445461
762930
244517
494955
13338
702175
51238
650797
808939
975190
394104
575356
618982
684106
743152
93243
373982
191953
550205
674061
380161
544026
86275
642260
476977
17143
53352
478864
419542
155494
466185
758512
346570
232298
506700
606622
769027
411234
544321
440431
443632
445547
724663
922927
503331
414393
182704
37443
738904
914705
285114
496465
758060
376523
400714
596177
676333
404255
33989
407474
176529
530362
52147
907129
115333
69203
194130
121021
536339
723444
205646
206732
713081
886787
793638
15637
668972
578848
800216
416797
977496
210522
199623
425752
105166
97938
207234
354159
25184
826341
962702
489845
98623
545094
70222
537115
552996
223300
30445
407923
664593
498092
316536
222068
703114
11649
578181
864036
552654
58497
351033
844801
213989
894391
193865
92768
18481
882926
416026
198480
943685
107573
432518
851992
351684
814769
258073
263404
529415
24792
956489
519914
548753
282296
550467
31378
692414
657703
104728
18500
333449
719436
347610
633166
898310
975100
854987
15623
514700
906770
560621
887107
98657
600158
93075
79921
391900
186110
22531
78678
977296
76916
109390
300696
937233
862867
133729
324486
474912
892196
346093
563581
617463
236742
894052
103620
736818
606139
20678
462275
179350
133942
161713
746104
651093
896324
575810
635167
114514
283682
11034
316582
751971
180784
989312
778657
444006
332550
774961
278389
513219
386377
612982
991340
946664
667342
396389
214242
404320
233675
136287
826511
146955
725089
314083
236429
625699
79674
998168
288140
357630
498903
773862
292595
623868
644410
710389
763930
236190
15133
420058
917598
87057
908547
209849
167634
866679
341091
662694
818940
46618
780105
470962
584561
444367
266211
244730
764909
975541
325853
23569
181275
613403
785014
761041
722263
698927
667946
944157
505591
581750
883080
29133
71008
151025
3797
855698
341442
987631
104014
913287
511612
72000
99995
890849
689683
809219
714105
665795
23551
233594
608885
295566
598022
920060
972224
420399
502596
404293
848988
273089
239685
595774
342480
837551
444041
615570
870156
761021
137839
310721
926259
918697
50302
692667
104575
528796
548380
807807
398808
601947
390144
60539
623784
977235
294470
274706
591983
151337
482136
314144
404354
286274
488512
953857
521174
765848
583185
533605
970131
350553
109877
661863
675932
139442
145965
849665
809553
228450
924226
599257
680241
685421
956390
203831
115724
169958
699000
802877
594257
115569
540569
513378
167031
315966
202405
425536
292224
919942
889959
561382
693295
113304
689273
696738
619721
341906
187637
386302
861988
504872
849075
997843
17027
370379
126574
741785
253209
657414
375530
269064
24166
308880
224176
3951
604725
380508
654386
903374
652296
620864
773992
770310
58849
418388
67224
728634
316051
117811
159961
85830
53189
778398
63871
588757
143822
120203
528114
261926
60915
545505
563635
369043
699525
954565
734679
653334
205325
644113
383939
614629
395558
304029
627539
940289
920428
123661
474226
448886
500213
413214
469534
131688
735330
857171
937296
548529
466480
890919
19402
461322
621626
879841
221617
360557
750926
350067
48367
518697
908925
90480
698588
670547
95206
72422
998757
58053
265781
404763
137912
387185
945862
513840
977463
499360
578508
635267
424128
388016
675104
976079
989595
887017
951371
427494
411329
672478
369203
6100
909742
507208
999971
360229
407910
419957
794934
329651
382123
148627
327660
347830
144751
803481
494457
342789
603713
438320
442827
866033
714362
370944
712887
593625
961814
49385
475233
850803
398701
314272
23880
513352
324484
125982
644944
574520
975585
448963
663693
97127
602773
731307
909545
972570
95249
477300
823558
453929
333517
342529
864048
140678
786628
537269
64678
107578
729847
455908
971672
645579
408774
377097
646066
866648
257986
517544
789431
